parentid,childid,body,category
105,2,同総裁は、貿易黒字が若干ではあるが減少しているが、2007年通年でみれば依然として高水準であることを指摘した,00000100000
286,0,新華社は11日、税関当局の数字として、2007年12月の中国の貿易黒字は226億9000万ドルとなった、と報じた,00000100000
286,2,新華社によると、2007年の中国の貿易黒字は2622億ドルで、06年の1774億7000万ドルから47.7％増加した,00000100000
324,0,新華社は11日、税関当局の数字として、2007年12月の中国の貿易黒字は226億9000万ドルとなった、と報じた,00000100000
324,2,新華社によると、2007年の中国の貿易黒字は2622億ドルで、06年の1774億7000万ドルから47.7％増加した,00000100000
426,0,財務省が午前8時50分に発表した国際収支状況速報によると、11月の経常黒字は前年比2.1％増の1兆7825億円となった,00000100000
426,3,ロイターが民間調査機関に行った事前調査では、経常黒字の予測中央値は前年比6.5％増加の1兆8605億円程度だった,00000100000
426,5,経常黒字の伸び率が鈍化したのは、貿易収支黒字が前年比で減少したため,00000100000
729,3,ロイターが民間調査機関を対象に行った調査では、貿易黒字の予測中央値は前年比15.2％減の9415億円程度の黒字で、発表数値は予想を下回った,00000100000
739,1,ロイターが民間調査機関を対象に行った調査では、貿易黒字の予測中央値は前年比15.2％減の9415億円程度だった,00000100000
753,6,財務省が発表した12月貿易収支（速報、原数値）によると、輸出は前年比6.9％増輸入は同12.1％増、貿易黒字は同20.9％減の8779億円となった,00000100000
804,4,リポートによると、2008年の貿易黒字は過去最高となった07年の2622億ドルから3320億ドルに増加する見通し,00000100000
972,6,ただ、貿易黒字の削減は進んでいない,00000100000
1314,6,外国が米国に投資すること自体に問題があるとは思わないが、米政府は外国産原油への依存度を低下させるようなエネルギー政策を策定することなどにより、「国際収支を改善」する必要があると述べた,00000100000
1456,0,財務省が午前8時50分に発表した国際収支状況速報によると、12月の経常黒字は前年比4.7％減の1兆6972億円となり、12カ月ぶりの減少となった,00000100000
1456,1,ロイターが民間調査機関に行った事前調査では、経常黒字の予測中央値は前年比3.6％減の1兆7175億円程度だった,00000100000
1456,7,同時に発表された2007年の経常黒字は前年比26.0％増加の25兆0012億円となり、現行統計に移行した1985年以降では過去最高となった,00000100000
1456,8,貿易黒字はプラス30.8％と、3年ぶりに拡大した,00000100000
1539,2,12月の貿易赤字は11月から6.9％縮小し、前月比では1年超ぶりの縮小率となった,00000100000
1652,14,コアパシフィックヤマイチ（香港）のエコノミスト、モールハウ氏は「人民元CNY=CFXSの上昇加速は、国際収支の黒字を背景とした資金流入がもたらした流動性を吸収する手段,00000100010
1728,0,財務省が21日午前8時50分に発表した1月貿易統計速報によると、貿易収支は793億円の赤字となった,00000100000
1728,2,ロイターが民間調査機関を対象に行った調査では、貿易収支の予測中央値は350億円程度の黒字だった,00000100000
1728,5,季節調整後の貿易収支は8619億円の黒字で、前月比39.6％の増加だった,00000100000
1741,4,1月の貿易収支は輸入額が輸出額を上回り、793億円の赤字となった,00000100000
1741,6,季節調整後の貿易収支は8619億円の黒字で、前月比39.6％の増加だった,00000100000
1791,2,その一方、中国企業はこれまでのところ為替相場の変動に予想以上にうまく対応しているとしたうえで、中国の国際収支や国内経済のバランスを改善させるために人民元の役割を拡大すべきだ、との考えを示した,00000100000
1791,7,エコノミストらは、中国の貿易黒字が削減され資金流入が抑制されるとして、人民元の上昇加速を総じて歓迎している,00000100010
1796,9,「米国の経常赤字とアジア諸国や産油国の経常黒字という不均衡が、膨大な規模のグローバルな資本フローが潤沢に流れることで埋めているのが現在の状況」と指摘,00000100000
2175,4,また貿易黒字は依然として過剰だ」と指摘した,00000100000
2288,0,中国の税関当局によると、2月の貿易黒字は85億6000万ドルで、前月の195億ドル、前年同月の238億ドルから大幅に減少した,00000100000
2288,5,過去12カ月の貿易黒字は2506億ドルで、1月の2655億ドル、2007年の2622億ドルから減少した,00000100000
2345,2,12月の貿易赤字は579億ドルと、588億ドルから下方修正された,00000100000
2359,0,財務省が午前8時50分に発表した国際収支状況速報によると、1月の経常黒字は前年比8.1％増の1兆2358億円となり、2カ月ぶりの増加となった,00000100000
2359,1,ロイターが民間調査機関に行った事前調査では、経常黒字の予測中央値は前年比9.5％増の1兆2500億円程度だった,00000100000
2747,10,政策協調の考え方については「一国の中央銀行が責任を持って対処すべきは、国内の物価安定の下での持続的な経済成長だ」と原則論を述べた上で「例えば、ある為替レートを固定的に維持していくだとか、あるいは経常収支の黒字額を減らしていくだとか、そういう風に物価安定のもとでの成長以外の目的を外から入れ込むと長い目で見て必ず経済が不安定になっていく」と説明した,00000100000
2765,3,ロイターが民間調査機関を対象に行った調査では、貿易収支の予測中央値は1兆1464億円程度の黒字で、発表数値は予想を下回った,00000100000
2771,1,ロイターが民間調査機関を対象に行った調査では、貿易収支の予測中央値は1兆1464億円程度の黒字で、発表数値は予想を下回った,00000100000
2776,1,ロイターが民間調査機関を対象に行った調査では、貿易収支の予測中央値は1兆1464億円程度の黒字で、発表数値は予想を下回った,00000100000
2776,2,対中国の貿易収支は13億円の黒字となり、2007年3月以来11カ月ぶりの黒字となった,00000100000
2776,21,対中国の貿易収支は13億円の黒字となり、07年3月以来の黒字となった,00000100000
2801,2,（英国の）経常収支の赤字額を考慮すると、個人的に同じ見解だ」と述べた,00000100000
2801,4,2007年末にかけて多額の貿易赤字を計上したが、これは英経済を輸出設備投資主導に移行させる必要性を浮き彫りにしたと述べた,00000100000
3227,0,財務省が10日午前8時50分に発表した国際収支状況速報によると、2月の経常黒字は前年比2.9％増の2兆4677億円となり、2カ月連続の増加となった,00000100000
3227,1,ロイターが民間調査機関に行った事前調査では、経常黒字の予測中央値は前年比3.0％増の2兆4700億円程度だった,00000100000
3258,6,財務省が10日に発表した国際収支状況速報によると、2月の経常黒字は前年比2.9％増の2兆4677億円となり、2カ月連続の増加となった,00000100000
3406,1,買い越し額は2月の貿易赤字（623億ドル）を上回り、クレジット危機と経済低迷で海外からの投資が鈍ることを懸念する見方が一部後退した,00000100000
3546,3,同社エコノミックポリティカルストラテジーグループのワイマン氏によると、アジアの経常黒字の急拡大や、国際商品価格の急騰による中東など資源国の資産拡大を背景に、SWFの運用資産は急速に膨らんでいる,00000100000
3630,3,ロイターが民間調査機関を対象に行った調査では、貿易収支の予測中央値は1兆4000億円程度の黒字で、発表数値は予想を下回った,00000100000
3636,2,ロイターが民間調査機関を対象に行った調査では、貿易収支の予測中央値は1兆4000億円程度の黒字で、発表された数値は予想を下回った,00000100000
3650,0,財務省が23日に発表した3月の貿易黒字は、前年比30.2％減と市場の事前予想12.6％減を大きく下回り、米国経済減速を主因とした輸出の鈍化傾向が、他地域に広がりつつある実態が鮮明になった,00000100000
3750,2,篠原財務官は、年初からの為替相場の動向について、ドル安がクローズアップされているが対ドルにおいて、ユーロや円、スイスフランなどは上昇する一方、アイスランドクローナや韓国ウォンなど主に経常収支の赤字国は下落しており「通貨の選別が行われている」と指摘,00000100000
3926,4,アナリストは、石炭と鉄鉱石の価格上昇により、同国の輸出所得が1年で約450億豪ドル増加し、貿易赤字を事実上相殺する可能性があるとみている,00000100000
4081,10,三菱東京UFJ銀行市場業務部チーフアナリスト、高島修氏は「非常に粗い計算になる」と前置きした上で、非課税化が実現した際の資金還流額を、日本の貿易黒字の4分の1にあたる5兆円規模と予想する,00000100000
4084,7,UBSセキュリティーズのエコノミスト、ジェームズオサリバン氏は「貿易赤字の（減少）基調は、国内需要の鈍化による輸入の減少を反映している」と指摘,00000100000
4084,8,予想を上回る貿易赤字の縮小により、第1四半期の国内総生産（GDP）がわずかに上方修正される可能性があるとの見方を示した,10000100000
4120,3,ロイターがまとめたエコノミストの予想は、貿易黒字が148億ドル,00000100000
4120,6,4月までの過去1年間の貿易黒字は2569億ドルと、3月までの2571億ドルからわずかに減少した,00000100000
4120,7,2007年の貿易黒字は2622億ドル,00000100000
4206,0,財務省が14日午前8時50分に発表した国際収支状況速報によると、3月の経常黒字は前年比12.3％減の2兆8825億円となり、3カ月ぶりの減少となった,00000100000
4206,1,ロイターが民間調査機関に行った事前調査では、経常黒字の予測中央値は前年比14.2％減の2兆8200億円程度だった,00000100000
4206,6,所得収支黒字は同6.6％拡大の1兆9599億円となり、貿易黒字を上回った,00000100000
4206,8,07年度の経常黒字が過去最高となったのは、所得収支黒字が前年比17.6％増の16兆7628億円と過去最高となったことや貿易黒字が11兆7099億円と同11.7％増加したことなどが影響した,00000100000
4206,9,所得収支黒字が貿易黒字を上回るのは、3年連続,00000100000
4206,14,所得収支にしても、金融市場の混乱もあり、3月のような黒字増加が持続するとは考えにくい」として、今後は経常黒字の堅調な増加は期待しにくいと予想した,00000100000
4321,0,欧州連合（EU）統計局（ユーロスタット）が16日発表した3月のユーロ圏の貿易収支は予想外の赤字となった,00000100000
4321,2,3月の貿易赤字は23億ユーロ（35億6000万ドル）となった,00000100000
4321,10,季節調整後では貿易収支は24億ユーロの赤字,00000100000
4333,8,米国の大幅な貿易赤字など世界的な経済不均衡の是正問題では、為替だけに依存すべきではないと指摘した,00000100000
4456,3,ロイターが民間調査機関を対象に行った調査では、貿易収支の予測中央値は前年比マイナス19.7％の7250億円程度の黒字で、発表数値は予想を大きく下回った,00000100000
4554,4,中国には4月、貿易黒字と対外直接投資により243億ドルが流入している,00000100000
4587,1,90年代後半のアジア通貨危機の教訓から、着実に経常黒字を積み上げ、通貨の価値を回復させてきたアジア各国地域の一部には、再び赤字転落する国も出ている,00000100000
4587,4,タイでは4月の輸入が前年比44.4％増の155億7000万ドルなったことで、貿易収支が赤字転落し、18.1億ドルの赤字を計上した,00000100000
4656,8,足元の1バレル＝130ドルで推移した場合、経常赤字は5000億円に拡大するという,00000100000
4858,0,中国税関総署は、同国の輸入が2008年を通じて、輸出の伸びを上回り、高い伸びを示してきた貿易黒字のトレンドは転換期を迎えるとの見通しを示した,00000100000
4858,1,ただ、具体的な数字の見通しや、貿易黒字が今年減少するとの見方は示さなかった,00000100000
4858,2,中国の貿易黒字は2007年に過去最高の2622億ドルとなった,00000100000
4858,3,08年4月までの1年間の貿易黒字は2569億ドルに減少した,00000100000
4858,4,中国税関総署は、4日ウェブサイトに掲載された声明の中で「貿易黒字の大幅な増加トレンドと貿易不均衡のトレンドは転換期を迎える見込みだ」としている,00000100000
4986,0,米商務省が発表した4月の貿易赤字は609億ドルと予想以上に拡大した,00000100000
4986,2,3月の貿易赤字は565億ドルに下方修正された,00000100000
4991,0,財務省が11日午前8時50分に発表した国際収支状況速報によると、4月の経常黒字は前年比29.6％減少の1兆3809億円となり、2カ月連続の減少となった,00000100000
4991,1,ロイターが民間調査機関に行った事前調査では、経常黒字の予測中央値は前年比17.1％減の1兆6275億円だった,00000100000
4995,0,財務省が11日午前8時50分に発表した国際収支状況速報によると、4月の経常黒字は前年比29.6％減少の1兆3809億円となり、2カ月連続の減少となった,00000100000
4995,1,ロイターが民間調査機関に行った事前調査では、経常黒字の予測中央値は前年比17.1％減の1兆6275億円だった,00000100000
4995,8,貿易収支の中の輸出額、輸入額はそれぞれ4月としては過去最高となった,00000100000
5247,5,報告は「インフレ期待を抑制し、成長パターンをリバランスし、経常黒字を縮小させる必要性を考えれば、金融よりも財政政策の緩和のほうが適切だ」と述べた,00000100000
5289,4,＊経常収支―2007年の経常黒字は3718億ドルで、GDPに対する比率は11.3％だった,10000100000
5359,10,大幅な経常黒字を持ち、内需主導の経済成長を達成しているため、西側諸国の景気鈍化の影響も軽微なためだ,00000100000
5375,0,財務省が25日午前8時50分に発表した5月の貿易統計速報によると、貿易収支は3656億円の黒字となった,00000100000
5375,4,ロイターが民間調査機関を対象に行った調査では、貿易収支の予測中央値は400億円の黒字で、発表数値は予想を上回った,00000100000
5380,0,財務省が25日午前8時50分に発表した5月の貿易統計速報によると、貿易収支は3656億円の黒字となった,00000100000
5602,4,また報告書は、商品価格高騰による各国の国際収支への影響は最近まで限定的だったが、現在は影響が拡大しており、インフレが国家財政を圧迫していると指摘,10000100000
5840,0,財務省が10日午前8時50分に発表した国際収支状況速報によると、5月の経常黒字は前年比5.9％減少の2兆0006億円となり、3カ月連続の減少となった,00000100000
5840,1,ロイターが民間調査機関に行った事前調査では、経常黒字の予測中央値は前年比9.7％減の1兆9200億円だった,00000100000
5844,0,財務省が10日午前8時50分に発表した国際収支状況速報によると、5月の経常黒字は前年比5.9％減少の2兆0006億円となり、3カ月連続の減少となった,00000100000
5844,1,ロイターが民間調査機関に行った事前調査では、経常黒字の予測中央値は前年比9.7％減の1兆9200億円だった,00000100000
5844,3,経常黒字の減少は、所得収支黒字が前年比12.6％減と減少したことが背景にある,00000100000
5849,12,バークレイズキャピタル証券チーフエコノミスト、森田京平氏によると、6月の交易条件（＝輸出物価指数／輸入物価指数×100）は前年比マイナス21.3％と1981年9月以来の悪化幅を記録,00000100000
5920,0,米商務省が発表した5月の貿易赤字は予想外の縮小となった,00000100000
5920,1,貿易赤字は598億ドルで、前月の605億ドル（修正）から縮小,00000100000
5920,4,インフレ調整後の貿易赤字は縮小幅が30億ドル強と大きく、第2四半期の国内総生産（GDP）成長にかなり寄与するだろうと述べた,10000100000
5933,0,米商務省が発表した5月の貿易赤字は予想外の縮小となった,00000100000
5933,1,貿易赤字は598億ドルで、前月の605億ドル（修正）から縮小,00000100000
5933,4,インフレ調整後の貿易赤字は縮小幅が30億ドル強と大きく、第2四半期の国内総生産（GDP）成長にかなり寄与するだろうと述べた,10000100000
5974,3,中国では上期の貿易黒字が前年比12％減少、当局者の間では景気減速への懸念が高まっている,00000100000
6127,0,欧州連合（EU）統計局が18日発表した5月のユーロ圏の貿易収支（調整前）は、46億ユーロの赤字だった,00000100000
6127,11,1─4月の中国に対する貿易赤字は341億ユーロに小幅縮小,00000100000
6127,13,5月の貿易収支は調整後では15億ユーロの赤字,00000100000
6242,0,財務省が24日午前8時50分に発表した6月の貿易統計速報によると、貿易収支は1386億円の黒字となった,00000100000
6242,4,ロイターが民間調査機関を対象に行った調査では、貿易収支の予測中央値は5030億円の黒字で、発表数値は予想を大幅に下回った,00000100000
6243,0,財務省が24日発表した6月の貿易統計速報によると、貿易収支は1386億円の黒字となった,00000100000
6249,4,人民元は2005年の切り上げ以降、対米ドルで約18％上昇しているが、中国の貿易黒字と外貨準備は増加し続けている,00000100000
6249,6,リポートでは、一国の経常赤字または黒字を対国内総生産（GDP）比で3％以内に収めるのに必要な為替相場の調整幅を算出している,10000100000
6680,0,ロイター調査によると、7月の中国の貿易黒字は前年同月比で縮小する見通し,00000100000
6680,2,エコノミスト20人による貿易黒字の予想中央値は205億ドルで、前年同月の244億ドル、前月の214億ドルから縮小する見通し,00000100000
6822,0,米商務省が発表した6月の貿易赤字は567億7000万ドルとなり予想を下回った,00000100000
6832,0,財務省が13日午前8時50分に発表した国際収支状況速報によると、6月の経常黒字は前年比67.4％減少の4939億円となり、4カ月連続で黒字幅が縮小した,00000100000
6832,2,ロイターが民間調査機関に行った事前調査では、経常黒字の予測中央値は前年比が67.7％減少で発表された数字はほぼ予測通りだった,00000100000
6832,4,貿易収支の黒字が前年比81.3％減の2521億円に落ち込んだことに加えサービス収支の赤字も2032億円から2501億円に拡大したことから、全体として黒字幅が縮小した,00000100000
6902,12,「ブラジル通貨は、成長動向や国際収支の底堅い黒字を背景に、明らかに全般的なドル高による影響は限られるだろう」とした,00000100000
7117,0,財務省が21日午前8時50分に発表した7月の貿易統計速報によると、貿易収支は911億円の黒字となった,00000100000
7117,4,ロイターが民間調査機関を対象に行った調査では、貿易収支の予測中央値は2525億円の黒字で、発表数値は予想を下回った,00000100000
7118,4,寄り付き前に発表された7月の貿易黒字が予想を下振れたが「輸出関連株はバリュエーション面でかなり割安になっており、貿易統計を受けて大きく売り込まれることはない」（三菱UFJ投信戦略運用部副部長宮崎高志氏）との声が出ている,00000100000
7122,0,財務省が21日発表した7月の貿易統計速報によると、貿易収支は911億円の黒字となった,00000100000
7122,2,ロイターが民間調査機関を対象に行った調査では、貿易収支の予測中央値は2525億円の黒字で、発表数値は予想を下回った,00000100000
7122,4,●新興国向けへの影響を注視＜大和証券SMBCチーフストラテジスト末澤豪謙氏＞原油高などの影響で7月の貿易黒字が前年比で大幅減となった,00000100000
7123,0,財務省が21日発表した7月貿易統計速報によると、貿易収支は911億円の黒字となった,00000100000
7123,3,ロイターが民間調査機関を対象に行った調査では、貿易収支の予測中央値は2525億円の黒字で、発表数値は予想を下回った,00000100000
7123,23,「原油価格は上昇が一服しているが、海外経済の減速で輸出の伸びが落ちていくため、外需が貿易黒字を押し上げることは当分は期待できない」と予想している,00000100001
7671,0,財務省が10日午前8時50分に発表した国際収支状況速報によると、7月の経常黒字は前年比17.3％減少の1兆5318億円となり、5カ月連続の減少となった,00000100000
7671,1,ロイターが民間調査機関に行った事前調査では、経常黒字の予測中央値は前年比が28.7％減少、金額が1兆3197億円だった,00000100000
7671,3,このうち、貿易収支の黒字は前年比69.8％減少、サービス収支は2030億円の赤字（前年同月は3163億円の赤字）となった,00000100000
7726,0,杉本和行財務次官は11日の定例会見で、このところアジア通貨が全般に下落していることについて「原油など商品価格が落ち着いてきており、アジアのインフレや経常収支にいい影響を与えると期待している」と述べた,10000100001
7727,0,杉本和行財務次官は11日午後の定例会見で、このところアジア通貨が全般的に下落していることに関連し、アジアの経済情勢を注視するとしながら、最近の原油など商品価格の落ち着きがアジアのインフレや経常収支に好影響を与えることを期待している、と述べた,10000100001
7727,2,韓国やインドネシアなどの通貨当局が自国通貨防衛のため、為替介入に動くなどアジア通貨が全般的に下落しているが、杉本財務次官はアジア経済について「昨今の世界経済の減速の中で、やや減速している」との認識を示し、「原油など一次産品の高騰によるインフレの進行、経常収支の悪化が見られている」と語った,10000100001
7727,3,ただ、最近の原油など商品価格の落ち着きによって「インフレや経常収支に今後、いい影響が出てくると期待している」と指摘,10000100001
7735,0,米商務省が発表した7月の貿易赤字は、原油価格が過去最高となり石油輸入量も膨らむなか予想以上に拡大した,00000100001
8107,0,財務省が25日午前8時50分に発表した8月の貿易統計速報によると、貿易収支は3240億円の赤字となった,00000100000
8107,4,ロイターが民間調査機関を対象に行った調査では、貿易収支の予測中央値は4000億円の赤字で、赤字幅は予想より小さかった,00000100000
8109,6,財務省が寄り前に発表した8月の貿易統計では、1月を除くと82年11月以来26年ぶりの貿易赤字となった,00000100000
8111,0,財務省が25日午前8時50分に発表した8月の貿易統計速報によると、貿易収支は3240億円の赤字となった,00000100000
8112,0,財務省が25日発表した8月の貿易統計速報によると、8月の貿易収支は、1月を除くと1982年11月以来、約26年ぶりの赤字となった,00000100000
8112,1,8月の貿易収支は3240億円の赤字で、昨年8月の7436億円の黒字から赤字に転じた,00000100000
8112,3,●景気後退長期化のおそれ、株式市場は「催促相場」に＜SMBCフレンド証券投資情報部次長松野利彦氏＞26年ぶりの貿易赤字になったことが嫌気され株式市場では輸出関連株が軟調な動きになっている,00100100000
8113,7,午前の国内株式は、米国の金融安定化策法案化をめぐる不透明感や、寄り前に発表された8月貿易統計が1月を除いて26年ぶりに貿易赤字となるなど「売り材料が複数あった」（国内投信投資顧問）という,00000100000
8119,4,日本の貿易収支が特殊要因を除くと約26年ぶりに赤字に転落したことも投資マインドを萎縮させた,00000100000
8119,7,8月の貿易収支が3240億円の赤字になったことで輸出関連株に買い手控え感も広がった,00000100000
8120,11,一方、きょう発表された8月の国内貿易統計で1月を除いて26年ぶりの貿易赤字となったことなどを受けて、市場では世界的な景気減速感があらためて認識されているという,00000100000
8122,0,財務省が25日発表した8月の貿易収支は、3240億円の赤字に転落した,00000100000
8122,9,貿易赤字は、1982年11月（1160億円の赤字）以来となる,00000100000
8173,10,逃避通貨として消去法的に、今回の混乱の中で最も悪影響が少ない日本の円が選好されやすいとする見通しもあるが、26年ぶりに赤字に転じた貿易収支、米大手投資銀への相次ぐ出資に伴う巨額の資金流出観測なども踏まえると、円も買いづらい,00000100000
8619,9,貿易黒字は08年に2510億ドル、09年に2430億ドルとなる見込み,00000100000
8739,0,財務省が15日午前8時50分に発表した国際収支状況速報によると、8月の経常黒字は前年比52.5％減少の9888億円となり、6カ月連続の減少となった,00000100000
8739,1,ロイターが民間調査機関に行った事前調査では、経常黒字の予測中央値は前年比42.3％減少の1兆2000億円だった,00000100000
8739,4,このうち、貿易収支は2360億円の赤字となった,00000100000
8857,18,さらに回復の兆しが見えない米景気、新政権が打ち出すと見られる景気刺激策による政府負担増、大幅な金利引き下げによる資金流入減と経常赤字のファイナンス問題など、ドル相場を維持する環境は着実に悪化してるとの見方だ,00000100000
9033,0,財務省が23日午前8時50分に発表した9月の貿易統計速報によると、貿易収支は951億円の黒字となった,00000100000
9033,2,ロイターが民間調査機関を対象に行った調査では、貿易収支の予測中央値は6000億円の黒字で、発表数値は予想を大幅に下回った,00000100000
9034,0,財務省が23日午前8時50分に発表した9月の貿易統計速報によると、貿易収支は951億円の黒字となった,00000100000
9035,1,ファンダメンタルズ面をみても、9月の日本の貿易黒字が前年比9割以上も減少するなど世界景気の悪化が統計で裏付けられたとの見方が広がっている,00000100000
9035,16,マクロ経済面でも貿易黒字の減少が地合いを冷やしている,00000100000
9107,5,世界的に景気や市場が不安定な状況下では、教科書的には金利が低くインフレが安定し、かつ経常黒字のある国の通貨は強いというのが定説,10000100000
9136,9,加えて巨額な貿易黒字が同国経済に対する順調な資金のフローを促してきた,00000100000
9212,8,同財務次官補は、現在の金融危機でIMFが果たすべき役割について、各国経済の監視、国際収支が危機にある国の救済、経済は健全だが信用市場の収縮で流動性が欠如している国の支援、を挙げている,00000100000
9410,5,経常収支については、08年が約100億ドルの赤字と11年ぶりの赤字を記録した後、09年は約50億ドルの黒字に転換するとの見通しを示した,00000100000
9550,5,ブッシュ政権は強いドルを支持するとしばしば表明したが、巨額の米貿易赤字と中国の貿易黒字に特徴付けられた世界経済の不均衡是正にはドル安が重要なため、ドルの急激な下落を防止する手はほとんど打ってこなかった,00000100000
9664,2,その上で「しかし、現在まで国際収支に大きな変化は見られていない,00000100000
9668,0,財務省が11日午前8時50分に発表した国際収支状況速報によると、9月の経常黒字は前年比48.8％減少の1兆4979億円となり、7カ月連続の減少となった,00000100000
9668,1,貿易黒字の減少が影響した,00000100000
9668,2,ロイターが民間調査機関に行った事前調査では、経常黒字の予測中央値は前年比52.8％減少の1兆3800億円だった,00000100000
9668,5,このうち、貿易収支は2471億円の黒字だったものの、前年同月（1兆7707億円の黒字）から大幅に黒字幅が縮小した,00000100000
9668,11,同時に発表された2008年度上期の経常黒字は、前年比37.0％減の7兆8564億円となり、02年度下期以来11期ぶりの8兆円割れとなった,00000100000
9686,0,中国税関当局が11日発表した10月の同国の貿易黒字は352億4000万ドルで、過去最高を記録した9月の293億ドルを大幅に上回った,00000100000
9686,2,市場予想は、貿易黒字が313億ドル、輸出が18.8％増、輸入が19.0％増,00000100000
9686,3,1─10月の貿易黒字は2159億9000万ドル,00000100000
9775,5,10月について民間エコノミストからは「海外経済の減速を背景に輸出は低迷するが、原油価格急落を受けた輸入価格の低下により輸入の伸びが急速に鈍化するため、貿易収支の減少幅は若干縮小する」（ニッセイ基礎研）、「内外需要減退と円高が輸出入金額をとも押し下げる,00000100000
9775,7,前年比では貿易黒字の縮小基調が続く」（みずほ総研）などの声が聞かれた,00000100000
9775,18,しかし、これらの価格の下落とともに、数量面でも輸入の減少が鮮明となろう」（バークレイズキャピタル証券）、「今後は原油価格の大幅下落で輸入額が減少に転じるだろうが、円高と米欧向けの輸出停滞で貿易黒字は低い水準で推移すると予想される」（信金中金総研）、「10─12月以降の外需は悪化ペースが加速する見込みで、GDPでのマイナス寄与も視野に入る」（アール･ビー･エス証券）など、輸出入ともに減速感が強まるとの予想が多い,10000100001
9893,7,バーナンキ議長＜経常赤字＞経常収支不均衡は非常に深刻な問題,00000100000
9893,9,一部改善がみられ、経常赤字がより均衡化してきていることは希望の兆しだ,00000100000
9948,0,財務省が20日午前8時50分に発表した10月の貿易統計速報によると、貿易収支は639億円の赤字となった,00000100000
9948,3,ロイターが民間調査機関を対象に行った調査では、貿易収支の予測中央値は800億円の黒字で、発表数値は予想を大きく下回った,00000100000
9949,0,財務省が発表した10月の貿易収支は639億円の赤字となり、市場予想を下回った,00000100000
9964,14,＜一方的な貿易赤字拡大はなさそう＞8月、10月と赤字となったものの、今後の貿易収支については「一方的に貿易赤字が拡大する状況でもない」（東洋証券情報部ストラテジストの檜和田浩昭氏）との予想が多い,00000100000
9966,1,世界景気の先行きに不透明感が強い中、足元の統計でも輸出減少、貿易赤字となるなど実態の厳しさが鮮明になっている,00000100000
9966,8,20日に財務省が発表した10月の貿易統計速報によると、貿易収支は639億円の赤字となった,00000100000
9966,9,赤字は8月以来で、ロイターが民間調査機関を対象に行った調査では、貿易収支の予測中央値は800億円の黒字で、発表数値は予想を下回っている,00000100000
10543,0,財務省が8日午前8時50分に発表した国際収支状況速報によると、10月の経常黒字は前年比56.5％減少の9605億円となり、8カ月連続の減少となった,00000100000
10543,1,ロイターが民間調査機関に行った事前調査では、経常黒字の予測中央値は前年比50.1％減少の1兆1000億円だった,00000100000
10543,3,このうち、貿易収支は1458億円の黒字（前年同月は1兆1434億円の黒字）、サービス収支は2777億円の赤字（前年同月は2899億円の赤字）となった,00000100000
10547,0,財務省が8日に発表した国際収支状況速報によると、10月の経常黒字は前年比56.5％減少の9605億円となり、8カ月連続の減少となった,00000100000
10547,2,ロイターが民間調査機関に行った事前調査では、経常黒字の予測中央値は前年比50.1％減少の1兆1000億円だった,00000100000
10547,5,このうち、貿易収支は1458億円の黒字と、前年同月（1兆1434億円の黒字）から大幅に黒字幅が縮小した,00000100000
10616,13,JPモルガンチェース銀行の調べによると、この合計値に貿易収支や他の投資家の売買に占めるヘッジ比率などを勘案した、円相場により直接的な影響を及ぼすと見られる資本流出の総額は11兆5000億円と89年以来の最大を記録している,00000100000
10676,0,中国税関当局が10日発表した11月の貿易黒字は過去最高の401億ドルに急増し、やはり過去最高だった10月の352億ドルからさらに拡大した,00000100000
10676,5,エコノミストは、輸出が前年比15％増、輸入は12％増加し、貿易黒字は324億ドルになると見込んでいた,00000100000
10682,3,エコノミストは、輸出が前年比15％増、輸入は12％増加し、貿易黒字は324億ドルになると見込んでいた,00000100000
10682,6,輸入が輸出を超え大きく減少したことを受け、11月の貿易黒字は過去最高の401億ドルに急増,00000100000
10730,0,米商務省が11日発表した10月の貿易統計は、貿易赤字が1.1％増の約572億ドルと予想外に拡大した,00000100000
10730,3,10月の貿易赤字についてエコノミストは535億ドルに縮小すると予想していた,00000100000
10858,3,ただ、中国の経常収支、国際収支の強さは、人民元が長期的には上昇基調を維持する可能性が高いことを示している」と述べた,00000100000
10891,10,周総裁は、人民元について、人民銀行が介入していることを認めたものの、中国の通貨制度は管理フロート制であり、相場は基本的に需給要因や貿易収支によって決まると指摘,00000100000
10891,13,このため、貿易黒字が過去最大になった」と述べた,00000100000
11025,6,輸出減のほか、原油原材料価格の動向により輸入は大幅減が想定され、貿易黒字や経常黒字は増加が見込まれている,00000100000
11089,0,財務省が22日午前8時50分に発表した11月の貿易統計速報によると、貿易収支は2234億円の赤字となった,00000100000
11089,2,ロイターが民間調査機関を対象に行った調査では、貿易収支の予測中央値は2575億円の赤字だった,00000100000
11095,0,財務省が22日発表した11月の貿易統計速報によると貿易収支は2234億円の赤字となった,00000100000
11095,2,ロイターが民間調査機関を対象に行った調査では、貿易収支の予測中央値は2575億円の赤字だった,00000100000
11095,3,  貿易赤字は2カ月続くのは、1980年10─11月以来のこと,00000100000
11097,0,財務省が22日発表した11月の貿易統計速報によると貿易収支は2234億円の赤字となった,00000100000
11097,3,ロイターが民間調査機関を対象に行った調査では、貿易収支の予測中央値は2575億円の赤字だった,00000100000
11097,4,  貿易赤字が2カ月続くのは、1980年10─11月以来,00000100000
11111,8,しかし、08年第3四半期には増加幅が同じ時期の貿易黒字と海外からの直接投資の合計額を下回った,00000100000
11271,0,早稲田大学大学院の野口悠紀雄教授はロイターとのインタビューで、今回の世界的な金融危機で最大の影響を受けるのは外需に依存する日本で、米国の経常赤字が収縮する今後3年間は年率3％のマイナス成長が続く可能性があると語った,00000100000
11271,7,米国の経常赤字はGDP（国内総生産）の6％に当たる約70兆円あり、これでは経済が持続可能ではないから金融危機が起きた,10000100000
11271,8,米国の過剰な消費は減少し、輸出国の日本や中国などがこれからさらに打撃を受ける」「米国経済は、経常赤字がGDPの3％程度まで半減しないと持続できないと言われている,10000100000
11271,9,03年以降拡大した日本の貿易黒字はゼロになる可能性がある,00000100000
11368,0,中国国営新華社は4日、2008年の中国の貿易黒字が前年比18％増の約2900億ドルとなったと報じた,00000100000
11368,3,1─11月の貿易黒字は2559億5000万ドルだったため、12月単月の貿易黒字は約340億ドルだったもよう,00000100000
11499,11,米国の経常収支の赤字を日本や産油国などの黒字国が埋めてきた,00000100000
11546,1,金融政策に影響する消費者物価指数（CPI）のほか貿易収支、小売売上高など米国発の経済指標が材料視される見通し,10001100000
11546,7,12日から始まる週は、米国で貿易収支（13日）、小売売上高（14日）、CPI、鉱工業生産（ともに16日）などの経済指標が注目されている,10000100000
11563,9,消費者物価指数（CPI）のほか貿易収支、小売売上高など米国発の経済指標が材料視される見通し,10001100000
11593,1,ロイターが民間調査機関に行った事前調査では、経常黒字の予測中央値は前年比61.9％減少の6503億円だった,00000100000
11593,3,このうち、貿易収支は934億円の赤字（前年同月は9076億円の黒字）、サービス収支は908億円の赤字（前年同月は1141億円の赤字）となった,00000100000
11598,1,貿易収支が赤字に転じたことが影響した,00000100000
11598,2,ロイターが民間調査機関に行った事前調査では、経常黒字の予測中央値は前年比61.9％減少の6503億円だった,00000100000
11598,7,このうち、貿易収支は934億円の赤字と、前年同月（9076億円の黒字）から赤字に転じた,00000100000
11611,0,中国税関当局が13日発表した12月の貿易黒字は389億8000万ドルとなり、過去最高だった前月の401億ドルから減少した,00000100000
11611,1,2008年通年の貿易黒字は、過去最高の2954億6000万ドルとなった,00000100000
11611,4,エコノミスト予想は、貿易黒字が350億ドル、輸出が4.0％減、輸入が20.0％減だった,00000100000
11635,0,米商務省が13日発表した11月の貿易統計は、貿易赤字が28.7％減の404億ドルとなった,00000100000
11635,4,前月の貿易赤字は567億ドルに下方修正された,00000100000
11635,9,FTNフィナンシャルの首席エコノミスト、クリストファーロー氏は「原油価格が着実に下落しているため、貿易赤字が今後数カ月縮小する見込みであることが、今四半期の米経済にとり数少ない朗報のひとつだ」と述べた,00000100001
11636,0,米商務省が13日発表した11月の貿易統計は、貿易赤字が28.7％減の404億ドルとなった,00000100000
11636,4,前月の貿易赤字は567億ドルに下方修正された,00000100000
11636,9,FTNフィナンシャルの首席エコノミスト、クリストファーロー氏は「原油価格が着実に下落しているため、貿易赤字が今後数カ月縮小する見込みであることが、今四半期の米経済にとり数少ない朗報のひとつだ」と述べた,00000100001
11696,2,輸入物価指数は前月比4.2％低下し、11月の7.0％低下（改定値）から落ち込みが鈍化した,00000100000
11696,9,輸出物価指数は前月比2.3％低下した,00000100000
11901,3,ただ、中国の貿易黒字をめぐる摩擦は、両国の経済的な相互依存性や米国の関心が他の問題に集中することなどから抑制されるとの見方も少なくない,00000100000
11967,6,英政府は、経常赤字を穴埋めし、金融安定化策を賄う資金を確保するためにも外国からの投資を必要としており、なんとしても避けたい状況だ,00000100000
11997,0,財務省が22日に発表した2008年12月貿易統計速報によると、貿易収支（原数値）は3207億円の赤字となった,00000100000
11997,2,ロイターが民間調査機関を対象に行った調査では、貿易収支の予測中央値は2780億円の赤字だった,00000100000
12053,4,ブッシュ政権にとってドル安は、米国の貿易赤字と中国の貿易黒字という世界経済における大きな不均衡を是正するための重要な手段だった,00000100000
12053,7,景気後退や事実上のゼロ金利、経常赤字の拡大という状況において、為替相場を直接操作することなくドルを支えることがオバマ政権の課題になる、とアナリストはみている,00000100000
12123,6,さらに「英国の国際収支には2つの大きな穴がある,00000100000
12317,5,また、中国が貿易黒字を追求しているわけでない、と述べた,00000100000
12641,2,ただ、エネルギー価格の下落で経常黒字が縮小しており、レンジを守りきれない場合には国際的な信用が失墜、通貨危機につながる可能性もある,00000100000
12683,1,貿易収支が赤字に転じたことや、所得収支の黒字幅が縮小したことが影響した,00000100000
12683,2,ロイターが民間調査機関に行った事前調査では、経常黒字の予測中央値は前年比78.0％減少の3500億円だった,00000100000
12683,10,このうち、貿易収支は1979億円の赤字、前年同月（9968億円の黒字）から赤字に転じた,00000100000
12952,5,ゴルフ界の「帝王」ジャックニクラウス氏のニックネームから生まれた「ゴールデンベア」ブランドを中心とした各種カジュアルウェアの製造販売を行っていたが、2002年1月期から7期連続で経常赤字を続けていた,00000100000
12962,7,ポンドが08年10―12月におよそ20％下落したことについては、これまでの内需依存から輸出に焦点が移り、貿易赤字の削減など英経済のバランス回復に寄与するとの見方を示した,00000100000
13010,6,季節調整済みの統計では、12月の貿易赤字は3億ユーロと、前月の40億ユーロの赤字から大幅に縮小した,00000100000
13010,9,2008年通年では、ユーロ圏の貿易収支は321億ユーロの赤字となり、2007年の158億ユーロの黒字から赤字に転じた,00000100000
13010,10,12月の貿易収支の内容は公表されていないが、1月─11月期のユーロ圏の貿易赤字を押し上げていたのは、前年同期の2109億ユーロから2860億ユーロに増加したエネルギー貿易赤字だった,00000100000
13010,11,これを裏付けるように、エネルギー輸出大国であるロシアに対するユーロ圏の貿易赤字は1─11月期は343億ユーロと、前年同期の269億ユーロから増加した,00000100000
13173,0,来週は、国内で貿易収支や鉱工業生産、海外では米住宅関連指標などの経済指標を見極めながらの展開となる,10000100000
13309,0,財務省が25日午前8時50分に発表した1月貿易統計速報によると、貿易収支（原数値）は9526億円の赤字となった,00000100000
13309,3,ロイターが民間調査機関を対象に行った調査では、貿易収支の予測中央値は1兆1295億円の赤字だった,00000100000
13314,3,●ドル98円目指す、過去最大の貿易赤字が支援＜新光証券外国債券為替トレーディング部通貨ストラテジスト鈴木健吾氏＞1月貿易収支は9526億円の赤字で、赤字幅はロイター予測を下回ったものの過去最大,00000100000
13314,6,貿易赤字が足元で強まっている円買いポジションの巻き戻しを後押しし、ドルは98円を目指す展開になるだろう,00000100000
13323,9,寄り前に発表された1月の貿易収支が9526億円の赤字と事前予想は下回るものの、過去最大の赤字幅になったことで実体経済の悪化が意識された,00000100000
13323,10,「輸出数量が世界経済の悪化を受け加速度的に悪化し、貿易赤字を拡大させる要因になった」（大和総研シニアエコノミストの熊谷亮丸氏）とみられている,00000100000
13357,14,同氏は、米国債および米機関債の需要が低減し、米国の経常赤字がさらに増大すれは、ドルは急落するとみている,00000100000
13747,2,ロイターが民間調査機関に行った事前調査では、経常収支の予測中央値は153億円の赤字だった,00000100000
13747,4,このうち、貿易収支は8444億円の赤字（前年同月は713億円の黒字）、サービス収支は2558億円の赤字（前年同月は2516億円の赤字）となった,00000100000
13749,9,このうち貿易収支は8444億円の赤字（前年同月は713億円の黒字）、サービス収支は2558億円の赤字（前年同月は2516億円の赤字）となった,00000100000
13755,4,ロイターが民間調査機関に行った事前調査では、経常収支の予測中央値は153億円の赤字だった,00000100000
13755,5,経常収支が赤字になったのは、90年1月（68億円）、91年1月（143億円）、96年1月（256億円）,00000100000
13755,8,このうち、貿易収支は8444億円の赤字（前年同月は713億円の黒字）となり、3カ月連続の赤字となった,00000100000
13814,5,輸出の急減を受け、1月の貿易黒字は約7年ぶりの水準に縮小した,00000100000
13841,0,中国の税関総署によると、2月の同国の貿易黒字は48億4000万ドルとなり、1月の391億ドルから大幅に減少した,00000100000
13845,0,中国の税関総署によると、2月の同国の貿易黒字は48億4000万ドルとなり、1月の391億ドルから大幅に減少した,00000100000
13851,6,信用危機と世界的なリセッション（景気後退）の発生以前は、米国の経常赤字と中国の巨額の経常黒字に対する懸念が主要7カ国（G7）の会合における中心的な議題だった,00000100000
13872,2,大量の米国債を保有する中国が同日発表した2月の貿易統計で貿易黒字が大幅に減少したことも、米ドルの圧迫要因となった,00000100000
13908,0,国連の潘基文事務総長の特別顧問を務めるジェフリーサックス氏は、中国が潤沢な外貨準備と堅調な貿易黒字、世界中での巨額の投資を生かし、世界的な経済危機からの脱出を先導する可能性があると述べた,00000100000
13908,4,また当局によると、2008年末時点での経常黒字は前年比20％増の4400億ドルだった,00000100000
13908,6,また、中国には潤沢な外貨準備や貿易黒字、多くの投資があり、いち早い経済回復に必要なものがそろっている」と指摘,00000100000
14161,7,「多額の経常赤字を抱え、急増する財政赤字の半分以上が海外投資家によってファイナンスされている米国が、積極的な量的緩和策を導入することは、明らかにドルにネガティブ」（JPモルガンチェース銀行のチーフFXストラテジスト、佐々木融氏）なうえ、相場の値動き的にも「米金利低下と米株高が逃避通貨としてのドルの役割を薄れさせ、売りにつながった」（バークレイズ銀行トレーディング部ディレクターの小川統也氏）という,00000100000
14310,0,財務省が25日午前8時50分に発表した2月貿易統計速報によると、貿易収支（原数値）は824億円の黒字となった,00000100000
14310,3,ロイターが民間調査機関を対象に行った調査では、貿易収支の予測中央値は109億円の赤字だった,00000100000
14315,0,財務省が25日発表した2月貿易統計速報によると、貿易収支（原数値）は824億円の黒字となった,00000100000
14315,3,ロイターが民間調査機関を対象に行った調査では、貿易収支の予測中央値は109億円の赤字だった,00000100000
14501,4,議員らは「中国の為替市場における大規模かつ長期的な一方方向の不胎化介入、総額1兆9000億ドルにのぼる外貨準備、および巨額の経常黒字をみれば、中国が為替相場を操作していることは明らかだ」と述べた,00000100000
14668,4,米国の貿易赤字が過去数年で膨らむ一方で、ドイツなど貿易黒字が拡大する国もみられる中、大統領は支出貯蓄のバランス、全体的な貿易傾向の均衡化を図る必要があるだろうと指摘,00000100000
14707,7,投機筋の円売りの背景は、急速に黒字が縮小する日本の貿易収支や、弱い景気実態なので、今月後半の鉱工業生産などの数字が注目されるだろう,10000100000
14794,1,世界的な景気の悪化で輸出の大幅減が続くと同時に、原油価格の下落や内需の悪化を受けて輸入も減少し、貿易収支が黒字に転じたため,00000100001
14794,3,ロイターが民間調査機関に行った事前調査では、経常黒字の予測中央値は前年比57.1％減の1兆0776億円だった,00000100000
14794,6,このうち、貿易収支は2021億円の黒字（前年同月は1兆0311億円の黒字）、サービス収支は1491億円の赤字（前年同月は1013億円の赤字）となった,00000100000
14878,0,米商務省が発表した2月の貿易統計は、貿易赤字が28.3％減の259億7000万ドルと1999年11月以来の水準に縮小した,00000100000
14878,3,貿易赤字の縮小は過去最長となる7カ月連続,00000100000
14878,9,マルタオンザマーケッツ（ニュージャージー州）のチーフ市場ストラテジスト、TJマルタ氏は「6年間分の貿易赤字の拡大が5カ月間で解消された,00000100000
15297,0,財務省が22日発表した3月貿易統計速報によると、貿易収支（原数値）は110億円の黒字となった,00000100000
15297,3,ロイターが民間調査機関を対象に行った調査では、貿易収支の予測中央値は50億円の赤字だった,00000100000
15297,6,2008年度の貿易収支は7253億円の赤字となり、1980年度以来28年ぶりに赤字に転落した,00000100000
15298,0,財務省が22日発表した3月貿易統計速報によると、貿易収支（原数値）は110億円の黒字となった,00000100000
15298,3,●全体として輸出の低迷状況変わらず＜みずほ証券チーフマーケットエコノミスト上野泰也氏＞3月の貿易収支は予想に近い数字となった,00000100000
15306,6,また、当局は国際収支の大幅な黒字は長期にわたり維持できるものではないと認識しているため、貿易収支の均衡化を望んでいると述べた,00000100000
15363,0,新日本製鉄(5401.T)とJFEホールディングス(5411.T)の2010年3月期は、高値で契約した原材料が残る上に生産水準の低い4―6月期に経常赤字が避けられないとの見方が強い,00000100000
15363,2,トヨタ自動車(7203.T)と合意した自動車用鋼材の販売価格は、値下げ幅がアナリストの想定よりも小さくなり、通期では経常黒字を確保できるとの見方も出てきている,00000100000
15532,3,上期は1000億円の経常赤字を見込んでいるが、そのうちのほとんどが、前年の高値の原材料のキャリーオーバーや在庫評価差が影響する4―6月期になるという,00000100000
15535,13,2008年度貿易統計によれば、日本はメキシコとの貿易黒字を維持,00000100000
15535,14,貿易収支全体が赤字となった中で、相対的にメキシコ貿易のウエートが高まっている,00000100000
15548,3,＜上期は経常赤字、下期は回復の見通し＞新日鉄の谷口進一副社長は会見で「粗鋼生産量の回復がどの程度になるか見通せない,00000100000
15548,10,新日鉄は上期に1000億円の経常赤字を見込んでいるが、製鉄事業の赤字が大きく影響している,00000100000
15548,19,神戸鋼は、通期でも経常赤字を予想している,00000100000
15787,3,輸出の減少は数カ月以内に終了し、貿易黒字の拡大が続くとの見方を示した,00000100000
15996,2,この結果、4月の貿易黒字は129億ドルとなった,00000100000
15996,4,貿易黒字は、3月は185億6000万ドル、2月は48億4000万ドルだった,00000100000
15996,6,1─4月の貿易黒字は754億3000万ドルだった,00000100000
15996,8,2008年4月の貿易黒字は167億ドル,00000100000
16015,8,税関が発表した輸出入データから算出すると、4月の貿易黒字は131億4000万ドルと、前月の185億6000万ドルから減少,00000100000
16021,0,英国立統計局（ONS）が発表した3月の鉱工業生産指数は低下幅が予想を下回ったほか、貿易赤字はほぼ2年ぶりの水準に縮小した,00000100000
16021,10,  一方、3月の貿易赤字は65億8900万ポンドで、前月の68億3400万ポンドから縮小,00000100000
16023,0,米商務省が発表した3月の貿易統計は、貿易赤字が275億8000万ドルと、1999年11月以来の低水準だった前月の261億3000万ドル（上方修正）から拡大した,00000100000
16023,11,ウィーデンの市場ストラテジスト、スティーブゴールドマン氏は「石油価格の上昇や景気回復とともに貿易赤字は拡大し始めるだろう」との見方を示した,10000100000
16037,3,ロイターが民間調査機関に行った事前調査では、経常収支の予測中央値は1兆2092億円の黒字、前年比58.4％減だった,00000100000
16037,5,このうち、貿易収支は1329億円の黒字（前年同月は1兆2456億円の黒字）、サービス収支は342億円の赤字（前年同月は512億円の赤字）となった,00000100000
16037,7,2008年度の経常黒字は前年比50.2％減の12兆2291億円となり、1985年度以降の現行統計では最大の減少となった,00000100000
16041,2,貿易収支や所得収支の黒字幅縮小を背景に前年比では48.8％減となったが、2月と比べ減少幅は縮小した,00000100000
16041,3,ロイターが民間調査機関に行った事前調査では、経常収支の予測中央値は1兆2092億円の黒字、前年比58.4％減だった,00000100000
16041,6,このうち、貿易収支は1329億円の黒字（前年同月は1兆2456億円の黒字）、サービス収支は342億円の赤字（前年同月は512億円の赤字）となった,00000100000
16041,9,2008年度の経常黒字は前年比50.2％減の12兆2291億円となり、1985年度以降の現行統計では最大の減少率となった,00000100000
16244,0,欧州連合（EU）統計局が18日発表した3月のユーロ圏貿易統計によると、輸出の落ち込みがわずかに輸入の落ち込みを下回り、貿易収支が黒字に転換した,00000100000
16244,1,ユーロ圏16カ国の3月の貿易収支（季節未調整）は4億ユーロ（5億4170万ドル）の黒字となった,00000100000
16244,4,季節調整後は3月の貿易収支は21億ユーロの赤字となるが、前月の29億ユーロの赤字、また前年同月の66億ユーロの赤字から赤字幅は縮小した,00000100000
16244,6,ユーロ圏最大の経済規模を持つドイツの貿易黒字は51億ユーロと、前月の34億ユーロから増加した,00000100000
16244,8,3月の国別の貿易収支の詳細は未公表だが、1─2月の統計によると、ユーロ圏の最大の貿易相手国である英国と米国に対する貿易黒字が減少した,00000100000
16244,10,対日本、ロシア、ノルウェーの貿易赤字も減少した,00000100000
16428,11,水準は依然高いとはいえ、国内貯蓄は低下し、貿易黒字は大幅に減る一方で、国債だけは積極的な財政政策で積みあがっていく,00000100000
16575,3,また「巨額の貿易赤字があり、ドルに対するファンダメンタルズは下降すると考える」とする一方、「インフレは09年、おそらく10年にも問題にならないだろう,10000100000
16582,0,財務省が27日午前8時50分に発表した4月貿易統計速報によると、貿易収支（原数値）は690億円の黒字となった,00000100000
16582,3,ロイターが民間調査機関を対象に行った調査では、貿易収支の予測中央値は575億円の赤字だった,00000100000
16588,0,財務省が27日午前8時50分に発表した4月貿易統計速報によると、貿易収支（原数値）は690億円の黒字となった,00000100000
16588,3,ロイターが民間調査機関を対象に行った調査では、貿易収支の予測中央値は575億円の赤字だった,00000100000
16593,0,財務省が27日発表した4月貿易統計速報によると、貿易収支（原数値）は690億円の黒字となった,00000100000
16593,3,ロイターが民間調査機関を対象に行った調査では、貿易収支の予測中央値は575億円の赤字だった,00000100000
16604,5,財務省が27日発表した4月貿易統計速報によると、貿易収支（原数値）は690億円の黒字となった,00000100000
16627,5,新華社が伝えたところによれば、31日から中国を訪問するガイトナー米財務長官はインタビューで、人民元や中国の貿易黒字の問題を取り上げない意向を示した,00000100000
17023,3,ロイターが民間調査機関に行った事前調査では、経常収支の予測中央値は8466億円の黒字、前年比39.0％減だった,00000100000
17023,5,このうち、貿易収支は1843億円の黒字（前年同月は5985億円の黒字）、サービス収支は4717億円の赤字（前年同月は3932億円の赤字）となった,00000100000
17027,2,黒字は3カ月連続だが、経常収支の前年比は14カ月連続減となっている,00000100000
17027,3,ロイターが民間調査機関に行った事前調査では、経常収支の予測中央値は8466億円の黒字、前年比39.0％減だった,00000100000
17027,6,このうち、貿易収支は1843億円の黒字（前年同月は5985億円の黒字）となり、前年比は69.2％減と80％台の減少を記録した2、3月より縮小している,00000100000
17027,12,財務省幹部は、貿易黒字の減少幅が縮小していることについて「輸出が昨秋以降大きく減少していたが、このところ（減少幅が）小さくなっていることを反映している」とし、「いい方向に進んでいる」との認識を示した,00000100000
17081,0,ロイター調査によると、米商務省が10日米東部時間午前8時半（GMT1230、日本時間午後9時半）に発表する4月の貿易収支は、原油価格の上昇により、赤字幅が2カ月連続で拡大すると予想されている,00000100001
17081,7,原油価格の上昇で、貿易赤字は今後さらに縮小しづらくなるだろう」と話した,00000100001
17081,12,アナリストはこの傾向が第2四半期も続いているかどうかを見極めようと、4月の貿易収支に注目するだろう,00000100000
17081,19,全体として貿易収支に大まかな安定感が出れば、米国と世界の経済が底なしの落ち込みを脱したことが分かる」と述べた,00000100000
17180,1,この結果、5月の貿易黒字は133億9000万ドルとなった,00000100000
17180,2,貿易黒字は、4月は131億ドル、3月は186億ドルだった,00000100000
17180,4,貿易黒字は148億ドルの黒字を見込んでいた,00000100000
17385,0,米商務省が17日発表した経常収支統計（季節調整後）によると、第1四半期の経常赤字は1015億ドルと、第4四半期の1549億ドル（改定値）から縮小し、2001年第4四半期以来の低水準となった,00000100000
17385,2,第1四半期の経常赤字は対国内総生産（GDP）比2.9％,10000100000
17567,0,財務省が24日午前8時50分に発表した5月貿易統計速報によると、貿易収支（原数値）は2998億円の黒字となった,00000100000
17567,3,ロイターが民間調査機関を対象に行った調査では、貿易収支の予測中央値は2128億円の黒字（前年比37.6％減）だった,00000100000
17569,0,財務省が24日に発表した5月貿易統計速報によると、貿易収支（原数値）は2998億円の黒字となった,00000100000
17569,4,ロイターが民間調査機関を対象に行った調査では、貿易収支の予測中央値は2128億円の黒字（前年比37.6％減）だったが、発表数値はこれを上回った,00000100000
17570,0,財務省が24日に発表した5月貿易統計速報によると、貿易収支（原数値）は2998億円の黒字となった,00000100000
17570,4,●輸出のマイナス幅大きく、回復顕著とはいえず＜みずほ証券マーケットアナリスト高橋幸男氏＞5月の貿易収支は黒字額が事前予想を上回ったものの、輸出が前年比40％の減少と依然大きな減少幅であり、回復が顕著になったとはいえない,00000100000
17570,9,日本の貿易収支は、世界的な金融危機が実体経済に悪影響を及ぼす過程で、まず輸出が大幅に落ち込み収支尻では赤字幅が拡大した,00000100000
17591,0,貿易収支の回復が鮮明になってきた,00000100000
17591,3,＜黒字額が08年5月以来の高水準＞財務省が24日に発表した5月貿易統計速報によると、貿易収支（原数値）は2998億円の黒字となった,00000100000
17988,0,財務省が8日午前8時50分に発表した国際収支状況速報によると、5月の経常収支は1兆3018億円の黒字となった,00000100000
17988,3,ロイターが民間調査機関に行った事前調査では、経常収支の予測中央値は1兆5033億円の黒字、前年比24.2％減だった,00000100000
17988,5,このうち、貿易収支は3873億円の黒字（前年同月は4973億円の黒字）、サービス収支は1545億円の赤字（前年同月は98億円の赤字）となった,00000100000
17994,0,財務省が8日発表した6月の上中旬貿易統計速報によると、貿易収支は2742億5800万円の黒字となった,00000100000
17995,0,財務省が8日発表した国際収支状況速報によると、5月の経常収支は1兆3018億円の黒字となった,00000100000
17995,3,原油価格の低下を受け輸入の前年比減少幅が拡大し、この結果貿易黒字の減少幅が縮小した,00000100001
17995,4,ロイターが民間調査機関に行った事前調査では、経常収支の予測中央値は1兆5033億円の黒字、前年比24.2％減だった,00000100000
17995,7,このうち、貿易収支は3873億円の黒字（前年同月は4973億円の黒字）となり、前年比では22.1％減と4月（69.2％減）から減少幅が大きく縮小した,00000100000
18016,1,G8首脳会議の声明草案は、持続可能な長期成長には、経常収支不均衡がスムーズに是正されることが必要と指摘,00000100000
18016,6,さらに「安定的で持続可能な長期的成長には、経常収支不均衡の円滑な是正が必要となる」としている,00000100000
18024,9,安定した持続的な成長には、経常収支不均衡の円滑な解消が必要で、多国間で合意された戦略に沿って、必要な調整のために協働するとした,00000100000
18027,10,安定した持続的な成長には、経常収支不均衡の円滑な解消が必要で、多国間で合意された戦略に沿って、必要な調整のために協働するとした,00000100000
18084,3,実需のフロー自体も、国際収支の不均衡縮小によって縮小、投資家もリスク資産を圧縮している,00000100000
18090,0,米商務省が発表した5月貿易統計は、貿易赤字が259億6000万ドルに縮小し、1999年11月以来の低水準となった,00000100000
18217,9,6月末時点の外貨準備高は、中国の第2四半期の貿易黒字と海外から直接投資の合計を大幅に上回る規模で、2兆ドルを超える外貨準備を保有するのは中国のみ,00000100010
18230,13,ニュージーランドのイングリッシュ財務相は15日、経常収支が赤字であることを考えると、NZドル安が望ましいと発言した,00000100000
18483,0,財務省が23日に発表した6月貿易統計速報によると、貿易収支（原数値）は5080億円の黒字となった,00000100000
18483,3,ロイターが民間調査機関を対象に行った調査では、貿易収支の予測中央値は6200億円の黒字（前年比495.6％増）だった,00000100000
18488,0,財務省が23日に発表した6月貿易統計速報によると、貿易収支（原数値）は5080億円の黒字となった,00000100000
18488,2,ロイターが民間調査機関を対象に行った調査では、貿易収支の予測中央値は6200億円の黒字（前年比495.6％増）だったが、発表数値はこれを下回った,00000100000
18488,18,6月貿易収支についてエコノミストからは「世界経済が下げ止まりから持ち直しを模索する中、輸出は徐々に回復する動きを見せているが、一方で国内需要の低迷に伴う輸入の停滞が相対的に目立ち始めており、貿易収支の黒字化傾向が強まっている」（農林中金総合研究所主任研究員の南武志氏）との見方が出ている,00000100000
18593,1,＜国際収支のバランス回復＞経済危機に見舞われたため、米国では消費が低減する一方、貯蓄が増大した,00000100000
18593,2,このため米国は中国に対し、中国の経常黒字を減少させるため、消費拡大、貯蓄低減を要請する見通し,00000100000
18666,2,これに対し米国側は、最近見られる貯蓄率の上昇や、各国との貿易収支の改善といった傾向を「維持、強化する措置を講じる」と表明した,00000100000
18698,6,09年4―6月期の経常損益は566億円の赤字（前年同期は1440億円の黒字）だったが、7―9月期も同水準の経常赤字を見込んでいることになる,00000100000
19083,0,財務省が10日午前8時50分に発表した国際収支状況速報によると、6月の経常収支は1兆1525億円の黒字となった,00000100000
19083,3,経常黒字の前年比増加は2008年2月以来1年4カ月ぶりのこと,00000100000
19083,4,ロイターが民間調査機関に行った事前調査では、経常収支の予測中央値は6550億円の黒字、前年比38.9％増だった,00000100000
19092,0,財務省が10日発表した国際収支状況速報によると、6月の経常収支は1兆1525億円の黒字となった,00000100000
19092,3,また、経常黒字の前年比増加は2008年2月以来1年4カ月ぶりのこと,00000100000
19092,4,貿易収支や所得収支の黒字幅拡大が寄与した,00000100000
19092,5,ロイターが民間調査機関に行った事前調査では、経常収支の予測中央値は6550億円の黒字、前年比38.9％増だった,00000100000
19092,8,このうち、貿易収支は6022億円の黒字（前年同月は2490億円の黒字）となり、前年比では141.8％増と5月（22.1％減）から増加に転じた,00000100000
19092,9,原油価格が前年に比べ大きく低下したことなどを背景に、輸入額が減少したことが貿易黒字の大幅な増加に寄与した,00000100001
19092,13,2009年上半期の経常収支は5兆6215億円の黒字,00000100000
19092,16,貿易収支と所得収支の黒字幅が縮小したことが影響した,00000100000
19210,0,米商務省が発表した6月貿易統計は、貿易赤字が270億1000万ドルと前月から拡大した,00000100000
19210,4,輸入輸出ともに引き続き前年の水準を大幅に下回っており、1―6月の貿易赤字は1730億ドルと、前年同期から50％超減少した,00000100000
19210,5,現在の水準が続いた場合、2009年の貿易赤字は1999年以来の低水準となる見通し,00000100000
19315,13,米商務省が12日に発表した6月の貿易統計は貿易赤字が270億1000万ドルと前月から拡大した,00000100000
19589,0,財務省が26日午前8時50分に発表した7月貿易統計速報によると、貿易収支（原数値）は3802億円の黒字となった,00000100000
19589,3,ロイターが民間調査機関を対象に行った調査では、貿易収支の予測中央値は3850億円の黒字（前年比370.0％増）だった,00000100000
19594,0,財務省が26日発表した7月貿易統計速報によると、貿易収支（原数値）は3802億円の黒字となった,00000100000
19594,4,ロイターが民間調査機関を対象に行った調査では、貿易収支の予測中央値は3850億円の黒字（前年比370.0％増）だった,00000100000
19599,0,財務省が26日発表した7月貿易統計速報によると、貿易収支（原数値）は3802億円の黒字となった,00000100000
19599,5,ロイターが民間調査機関を対象に行った調査では、貿易収支の予測中央値は3850億円の黒字（前年比370.0％増）だった,00000100000
19905,0,3日ロイター]金融危機をきっかけに国際不均衡は縮小方向へ向かい、米国の経常赤字も急ピッチで縮小している,00000100000
19905,2,＜海外資本の引き揚げ＞米国際収支データによると、第1四半期の経常赤字は1015億ドル（季節調整済暫定値）となり、2001年第4四半期以来の小幅な赤字だった,00000100000
19905,3,資本収支では、海外投資家が2四半期連続で米国資産を売り越し、昨年10月から今年3月までの半年間に約900億ドルの資金を米国から引き揚げている,00000100000
20034,0,財務省が8日午前8時50分に発表した国際収支状況速報によると、7月の経常収支は1兆2656億円の黒字となった,00000100000
20034,3,ロイターが民間調査機関に行った事前調査では、経常収支の予測中央値は1兆4551億円の黒字、前年比7.3％減だった,00000100000
20040,0,財務省が8日発表した国際収支状況速報によると、7月の経常収支は1兆2656億円の黒字となった,00000100000
20040,3,ロイターが民間調査機関に行った事前調査では、経常収支の予測中央値は1兆4551億円の黒字、前年比7.3％減だった,00000100000
20040,4,輸入の減少が輸出の減少を上回り、貿易収支の黒字幅が拡大する一方、サービス収支の赤字幅が拡大し、所得収支の黒字幅が減少したことから経常黒字幅が縮小した,00000100000
20040,7,このうち、貿易収支は4373億円の黒字（前年同月は3074億円の黒字）で、前年比では42.3％増加した,00000100000
20040,9,原油価格が前年に比べ大きく下落したことなどを背景に輸入減少額が過去2番目の大きさとなるなど、輸入が減少したことが貿易黒字の拡大に寄与した,00000100001
20157,0,米商務省が発表した7月貿易統計は、貿易赤字が319億6000万ドルと前月比で10年超ぶりの拡大幅となった,00000100000
20157,2,貿易赤字は前月比16.3％増と1999年2月以来の大幅な拡大となった,00000100000
20291,5,18日発表予定の第2四半期の国際収支でも、対外債権が一段と増加することが予想され、米金融機関を介したドルキャリー取引の活発化が推し量られる,00000100000
20547,0,中国人民銀行（中央銀行）の周小川総裁は23日、新たな準備通貨として国際通貨基金（IMF）の特別引き出し権（SDR）への移行を提案したことについて、同国の高い貯蓄率や貿易黒字が金融危機を招いたとの批判に対する答えだと述べた,00000100000
20566,0,財務省が24日発表した8月貿易統計速報によると、貿易収支（原数値）は1857億円の黒字となった,00000100000
20566,3,ロイターが民間調査機関を対象に行った調査では、貿易収支の予測中央値は1700億円の黒字だった,00000100000
20570,0,財務省が24日発表した8月貿易統計速報によると、貿易収支（原数値）は1857億円の黒字となった,00000100000
20570,3,ロイターが民間調査機関を対象に行った調査では、貿易収支の予測中央値は1700億円の黒字だった,00000100000
20582,6,財務省が発表した8月貿易統計速報では、貿易収支（原数値）が1857億円の黒字となった,00000100000
20685,2,●介入期待後退と不均衡是正で円買い圧力＜野村証券国際金融為替調査課外国為替アナリスト池田雄之輔氏＞朝方、急速な円高が進んだ背景は、市場が薄商いの中、20カ国地域（G20）首脳会合（金融サミット）で国際収支不均衡是正の必要性があらためて認識されたことを受け、経常黒字国である円やスイスフランに上昇圧力がかかった,00000100000
20685,4,経常赤字の英国と経常黒字のスイスのマクロ経済情勢を反映して、英ポンド／スイスフランにも下向きの圧力がかかっている,00000100000
21051,0,財務省は8日発表した国際収支状況速報によると、8月の経常収支は1兆1712億円の黒字となった,00000100000
21051,3,所得収支の黒字幅が縮小したものの、輸入の減少が輸出の減少を上回り、貿易収支が黒字に転じたことが経常収支の黒字幅拡大に寄与した,00000100000
21051,4,ロイターが民間調査機関に行った事前調査では、経常収支の予測中央値は1兆1553億円の黒字、前年比8.9％増だった,00000100000
21051,7,このうち、貿易収支は3037億円の黒字（前年同月は1412億円の赤字）,00000100000
21051,8,原油価格が前年に比べ大きく下落したことなどを背景に輸入減少額が過去最大となり、輸出額の減少を上回ったことが貿易黒字の拡大に寄与した,00000100001
21139,0,米商務省が発表した8月貿易統計は、貿易赤字が307億ドルと前月から予想外に縮小した,00000100000
21139,2,貿易赤字は前月の319億ドル（改定値）から3.6％減少,00000100000
21139,9,貿易赤字の縮小は第3四半期の国内総生産（GDP）にプラスの影響を与えるが、輸入が若干減少したことで米経済回復の強さをめぐる懸念が高まる恐れがある,10000100000
21139,10,FAFアドバイザーズ（ミネアポリス）の首席エコノミスト、キースヘンバー氏は「貿易赤字の縮小は経済の広範な安定を示していると考える,00000100000
21213,0,モルガンスタンレーアジアのスティーブンローチ会長は13日、経常赤字などがドルを圧迫するなか、2010年の米議会選挙を前に中国は人民元の上昇容認に向けた一段の圧力に直面するとの見方を示した,00000100000
21235,2,9月の貿易黒字は129億ドル,00000100000
21235,3,エコノミスト予想は、輸出が前年比21.0％減、輸入が同15.3％減、貿易黒字が170億ドルとなっていた,00000100000
21268,5,実際8月の米貿易統計によると、輸出が2008年12月以来の高水準となったため、貿易赤字が縮小した,00000100000
21329,4,米国が経常赤字を抑制するためにはドルの価値が人民元に対して低下する必要があるが、人民元がドルに連動しているために人民元相場は絶えず過小評価されることになり、ドルが他の主要通貨に対して下落する結果になっていると指摘,00000100000
21408,5,ただ、為替相場だけで中国の多額の経常収支や資本収支の問題を解決することはできないことなどを踏まえると、人民元が急上昇する可能性は低いとの見方を示した,00000100000
21414,1,議長はアジアに関するサンフランシスコ地区連銀主催の講演用原稿で、国内の貯蓄率を高め、輸入業界を支援する政策により達成された貿易黒字は、資源配分をゆがめると指摘,00000100000
21426,1,中国など貿易収支が大幅な黒字となっているアジア諸国は過剰な貯蓄を抑制し、消費を促進するべきと指摘,00000100000
21426,3,議長はアジアに関するサンフランシスコ地区連銀主催の会議で、国内の貯蓄率を高め、輸入業界を支援する政策により達成された貿易黒字は、資源配分をゆがめると指摘,00000100000
21461,4,また「中国の輸出が安定し始めるなか、貿易黒字は高水準にとどまる」と語った,00000100000
21471,1,副専務理事はCNBCテレビとのインタビューで「（経常収支が）黒字の国は内需（主導型経済）へ、赤字の国はその逆方向へ移行することが必要だ」と指摘,00000100000
21540,0,財務省が22日午前8時50分に発表した9月貿易統計速報によると、貿易収支（原数値）は5206億円の黒字となった,00000100000
21540,3,ロイターが民間調査機関を対象に行った調査では、貿易収支の予測中央値は6298億円の黒字（前年比592.3％増）だった,00000100000
21543,0,財務省が22日発表した9月貿易統計速報によると、貿易収支（原数値）は5206億円の黒字となった,00000100000
21543,3,ロイターが民間調査機関を対象に行った調査では、貿易収支の予測中央値は6298億円の黒字（前年比592.3％増）だった,00000100000
21551,2,輸入も前年比36.9％減と減少率は縮小したものの、輸出の減少率を下回った結果、貿易収支は5206億円の黒字となった,00000100000
21551,5,ロイターが民間調査機関を対象に行った調査では、貿易収支の予測中央値は6298億円の黒字（前年比592.3％増）だった,00000100000
21551,9,対アジアの貿易収支は1年1カ月ぶりに増加に転じた,00000100000
21551,21,同時に発表された2009年度上半期の貿易収支は前年同期比155.7％増の1兆9503億円と、2期ぶりの黒字となった,00000100000
21567,3,足元で上昇しているエネルギー価格の上昇や投機的なマネーの動きが、今後の貿易収支を圧迫しかねないとの見通しもあり、各国が打ち出した公的支援策の出口戦略のタイミングに注目が集まる,00000100000
22018,6,一方で、米国など巨額の貿易赤字を抱える国は、貯蓄率を上昇させる必要がある,00000100000
22019,5,世銀は、09年の中国の経常黒字がGDP比5.6％と、08年の同9.8％から大幅に縮小するとも予想した,00000100000
22068,11,関係筋によると、各国が提示する見通しには、経常収支だけでなく総需要や財政などの項目も含まれる,00000100000
22187,3,「非常に強力な国際的投資ポジションが世界的な金融危機から中国を遮断し、同国が将来的に国際収支の危機に直面するリスクを無視し得るレベルに低減した」と指摘した,00000100000
22214,0,財務省が10日午前8時50分に発表した国際収支状況速報によると、9月の経常収支は1兆5679億円の黒字となった,00000100000
22214,3,ロイターが民間調査機関に行った事前調査では、経常収支の予測中央値は1兆5000億円の黒字、前年比4.1％減だった,00000100000
22218,0,財務省が10日発表した国際収支状況速報によると、9月の経常収支は1兆5679億円の黒字となった,00000100000
22218,4,所得収支の黒字額が減少したものの貿易収支の黒字額が増加したことなどが影響した,00000100000
22218,5,ロイターが民間調査機関に行った事前調査では、経常収支の予測中央値は1兆5000億円の黒字、前年比4.1％減だった,00000100000
22218,8,このうち、貿易収支は5992億円の黒字（前年同月は3202億円の黒字）,00000100000
22218,10,これが世界経済の減速などに伴う輸出額の減少を上回り、貿易黒字の拡大に寄与した,00000100000
22218,16,同時に発表された2009年度上期の経常収支は、前年比9.7％減の7兆2560億円となり、3期連続で黒字幅が縮小した,00000100000
22220,0,財務省が10日発表した国際収支状況速報によると、9月の経常収支は前年比0.2％増の1兆5679億円の黒字となった,00000100000
22220,3,所得収支の黒字額が減少したものの貿易収支の黒字額が増加したことなどが影響した,00000100000
22220,4,ロイターが民間調査機関に行った事前調査では、経常収支の予測中央値は1兆5000億円の黒字、前年比4.1％減だった,00000100000
22220,7,このうち貿易収支は5992億円の黒字（前年同月は3202億円の黒字）,00000100000
22220,9,これが世界経済の減速などに伴う輸出額の減少を上回り、貿易黒字の拡大に寄与した,00000100000
22220,15,同時に発表された2009年度上期の経常収支は、前年比9.7％減の7兆2560億円で、3期連続の黒字幅縮小となった,00000100000
22278,2,10月の貿易黒字は240億ドル,00000100000
22278,5,エコノミスト予想は輸出が前年比13.2％減、輸入が同1.0％減、貿易黒字が191億ドルだった,00000100000
22351,9,「中国の経常黒字は大幅に縮小した,00000100000
22412,0,米商務省が13日発表した9月貿易統計は、貿易赤字が前月比18.2％増と予想以上に拡大し、10年超ぶりの大幅な増加となった,00000100000
22412,2,貿易赤字は365億ドルと、前月の308億ドル（改定値）から拡大した,00000100000
22417,1,この日発表された米経済指標で貿易赤字が拡大する一方、消費者信頼感指数が予想以上に低下したことを受け、米国の景気回復はほかの国よりもペースが遅いのではないかとの見方が強まった,10001100000
22417,5,米商務省が13日発表した9月の貿易統計は、貿易赤字が10年以上ぶりの大幅な増加となった,00000100000
22448,6,一方、経常赤字を抱える国は、貯蓄を増やすほか、財政再建を優先課題としなければならないとの見方を示した,00000100000
22573,3,それによると、首相は「中国は貿易黒字を目指していない」と述べ、「両国間の貿易の段階的な均衡化を促したい」との考えを示した,00000100000
22660,0,中国の人民日報海外版は20日の解説記事で、人民元上昇を求める米国の圧力は、米国が自国の貿易赤字に対する責任を放棄していることを意味し、世界経済の回復を遅らせるとの見解を示した,00000100000
22767,0,財務省が25日午前8時50分に発表した10月貿易統計速報によると、貿易収支（原数値）は8071億円の黒字となった,00000100000
22767,3,ロイターが民間調査機関を対象に行った調査では、貿易収支の予測中央値は4522億円の黒字だった,00000100000
22772,0,財務省が25日午前8時50分に発表した10月貿易統計速報によると、貿易収支（原数値）は8071億円の黒字となった,00000100000
22772,3,ロイターが民間調査機関を対象に行った調査では、貿易収支の予測中央値は4522億円の黒字だった,00000100000
22776,0,財務省が25日発表した10月貿易統計速報によると、貿易収支（原数値）は8071億円の黒字となった,00000100000
22776,3,輸入も前月より減少率が縮小したものの、輸出の減少率を下回った結果、貿易黒字が増加した,00000100000
22776,4,ロイターが民間調査機関を対象に行った調査では、貿易収支の予測中央値は4522億円の黒字だった,00000100000
22836,6,人民元相場は米ドルに事実上ペッグされており、中国の巨額の貿易黒字にもかかわらず、人為的に人民元の上昇が抑制されている,00000100000
23166,9,7日からの週には、12月のミシガン大消費者信頼感指数速報値や10月の貿易収支なども発表される,00000100000
23196,0,新華社によると、中国は中央経済工作会議で、貿易収支を均衡させるために、輸出と輸入を促進させる方針を表明した,00000100000
23213,0,財務省が8日発表した国際収支状況速報によると、10月の経常収支は1兆3976億円の黒字となった,00000100000
23213,3,所得収支の黒字額が減少したものの、貿易黒字が大幅に増加したことが経常黒字拡大に寄与した,00000100000
23213,4,ロイターが民間調査機関に行った事前調査では、経常収支の予測中央値は1兆4832億円の黒字、前年比51.4％増だった,00000100000
23213,7,このうち貿易収支は9490億円の黒字（前年同月は1366億円の黒字）,00000100000
23213,11,輸出額も世界経済の減速を背景に前年比減少が続いているが、10月は24.6％減と1年ぶりの小幅な減少になったため、貿易黒字の拡大に寄与した,00000100000
23348,0,米商務省が10日発表した10月貿易統計は、貿易赤字が前月比7.6％減の329億4000万ドルと予想外に減少した,00000100000
23348,2,アナリスト予想では貿易赤字が368億ドルに拡大するとみられていた,00000100000
23348,13,7カ月連続で上昇していた輸入原油価格が下落したことも貿易赤字の縮小に寄与した,00000100000
23400,13,世界経済の回復にとって最大の脅威となる要因は何かとの質問には、多額の経常黒字と赤字を抱える国の不均衡だと答えた,00000100000
23406,13,世界経済の回復にとって最大の脅威となる要因は何かとの質問には、多額の経常黒字と赤字を抱える国の不均衡だと答えた,00000100000
23675,0,財務省が21日午前8時50分に発表した11月貿易統計速報によると、貿易収支（原数値）は3739億円の黒字となった,00000100000
23675,3,ロイターが民間調査機関を対象に行った調査では、貿易収支の予測中央値は3445億円の黒字だった,00000100000
23681,7,貿易収支は3739億円の黒字となった,00000100000
23681,10,ロイターが民間調査機関を対象に行った調査では、貿易収支の予測中央値は3445億円の黒字だった,00000100000
23689,15,貿易収支は3739億円の黒字となった,00000100000
23689,18,ロイターが民間調査機関を対象に行った調査では、貿易収支の予測中央値は3445億円の黒字だった,00000100000
23717,2, 貿易黒字は約1840億ドルと、前年比15.5％減少する見通し,00000100000
23721,2, 貿易黒字は約1840億ドルと、前年比15.5％減少する見通し,00000100000
23734,1,ただ、ドルは経常赤字という構造的な売り材料を抱えており、強弱感が対立するなかで利上げ期待の高まりと後退を繰り返すボラティリティの高い推移になると予想されている,00000100000
23734,6,仮に利上げとなっても初期段階は債券投資家からの資金流入が期待できないこと、経常赤字からくる売り圧力が続くことなどから、その後もう一度下落するイメージだ,00000100010
23962,3,国際収支の不均衡是正を推進する姿勢も示したが、詳細には言及しなかった,00000100000
